{"metadata":{"kernelspec":{"name":"python3","display_name":"Python 3","language":"python"},"language_info":{"name":"python","version":"3.10.12","mimetype":"text/x-python","codemirror_mode":{"name":"ipython","version":3},"pygments_lexer":"ipython3","nbconvert_exporter":"python","file_extension":".py"},"anaconda-cloud":{},"kaggle":{"accelerator":"nvidiaTeslaT4","dataSources":[{"sourceId":11050401,"sourceType":"datasetVersion","datasetId":6884232,"isSourceIdPinned":false}],"dockerImageVersionId":30919,"isInternetEnabled":true,"language":"python","sourceType":"notebook","isGpuEnabled":true}},"nbformat_minor":4,"nbformat":4,"cells":[{"cell_type":"markdown","source":"# (1) import libraries","metadata":{}},{"cell_type":"code","source":"from sklearn import datasets\nfrom sklearn.naive_bayes import GaussianNB\n\nimport numpy as np\nimport time","metadata":{"trusted":true,"execution":{"iopub.status.busy":"2025-03-18T05:40:53.344759Z","iopub.execute_input":"2025-03-18T05:40:53.345126Z","iopub.status.idle":"2025-03-18T05:40:53.933529Z","shell.execute_reply.started":"2025-03-18T05:40:53.345095Z","shell.execute_reply":"2025-03-18T05:40:53.932448Z"}},"outputs":[],"execution_count":1},{"cell_type":"markdown","source":"# (2) preparing iris dataset","metadata":{}},{"cell_type":"code","source":"iris = datasets.load_iris()\n\n# get training and testing indexes randomly\ntrain_indx = np.random.choice(range(0, 150), int(iris.target.shape[0]/100*60), replace=False)\ntest_indx = np.array([indx for indx in np.arange(0, 150, 1) if indx not in train_indx])\n\nx_train = iris.data[train_indx, :]\ny_train = iris.target[train_indx]\n\nx_test = iris.data[test_indx, :]\ny_test = iris.target[test_indx]\n\nprint(x_train.shape)\nprint(y_train.shape)\nprint(x_test.shape)\nprint(y_test.shape)","metadata":{"trusted":true,"execution":{"iopub.status.busy":"2025-03-18T05:41:00.086499Z","iopub.execute_input":"2025-03-18T05:41:00.086776Z","iopub.status.idle":"2025-03-18T05:41:00.094943Z","shell.execute_reply.started":"2025-03-18T05:41:00.086756Z","shell.execute_reply":"2025-03-18T05:41:00.094267Z"}},"outputs":[{"name":"stdout","text":"(90, 4)\n(90,)\n(60, 4)\n(60,)\n","output_type":"stream"}],"execution_count":3},{"cell_type":"markdown","source":"# (3) parameters estimation","metadata":{}},{"cell_type":"code","source":"mu_0 = np.mean(x_train[y_train == 0], axis=0)\nsigma_0 = np.cov(x_train[y_train == 0], rowvar=0)\nprint(mu_0)\nprint(sigma_0)\n\nmu_1 = np.mean(x_train[y_train == 1], axis=0)\nsigma_1 = np.cov(x_train[y_train == 1], rowvar=0)\nprint(mu_1)\nprint(sigma_1)\n\nmu_2 = np.mean(x_train[y_train == 2], axis=0)\nsigma_2 = np.cov(x_train[y_train == 2], rowvar=0)\nprint(mu_2)\nprint(sigma_2)","metadata":{"trusted":true,"execution":{"iopub.status.busy":"2025-03-18T05:41:02.315707Z","iopub.execute_input":"2025-03-18T05:41:02.316035Z","iopub.status.idle":"2025-03-18T05:41:02.336602Z","shell.execute_reply.started":"2025-03-18T05:41:02.316007Z","shell.execute_reply":"2025-03-18T05:41:02.335907Z"}},"outputs":[{"name":"stdout","text":"[5.07142857 3.5        1.49285714 0.25714286]\n[[0.10878307 0.07851852 0.00978836 0.0131746 ]\n [0.07851852 0.1162963  0.00407407 0.0162963 ]\n [0.00978836 0.00407407 0.02365079 0.00375661]\n [0.0131746  0.0162963  0.00375661 0.01365079]]\n[5.90588235 2.73529412 4.27058824 1.32352941]\n[[0.29087344 0.08857398 0.19139037 0.06137255]\n [0.08857398 0.08538324 0.07197861 0.0312656 ]\n [0.19139037 0.07197861 0.20516934 0.06283422]\n [0.06137255 0.0312656  0.06283422 0.03276292]]\n[6.60357143 2.92142857 5.55357143 2.01071429]\n[[0.32480159 0.03547619 0.25535714 0.04699735]\n [0.03547619 0.05656085 0.01843915 0.02791005]\n [0.25535714 0.01843915 0.26850529 0.04458995]\n [0.04699735 0.02791005 0.04458995 0.06839947]]\n","output_type":"stream"}],"execution_count":4},{"cell_type":"markdown","source":"# (4) bayesian decision making","metadata":{}},{"cell_type":"code","source":"gnb = GaussianNB()\n\ny_pred = gnb.fit(x_train, y_train).predict(x_test)\nprint('Testing classification accuracy: %.4f' % ((y_test == y_pred).sum()/x_test.shape[0]))","metadata":{"trusted":true,"execution":{"iopub.status.busy":"2025-03-18T05:41:05.069260Z","iopub.execute_input":"2025-03-18T05:41:05.069566Z","iopub.status.idle":"2025-03-18T05:41:05.080211Z","shell.execute_reply.started":"2025-03-18T05:41:05.069539Z","shell.execute_reply":"2025-03-18T05:41:05.079444Z"}},"outputs":[{"name":"stdout","text":"Testing classification accuracy: 0.9500\n","output_type":"stream"}],"execution_count":5},{"cell_type":"code","source":"","metadata":{},"outputs":[],"execution_count":null}]}